1.3
1.0
1.0
1.0
1.0
23.6
24.7
25.6
26.3
27.0
31.0
31.1
31.2
31.2
31.3
32.8
32.8
32.8
32.9
32.9
34.0
34.0
34.0
34.1
34.1
34.6
34.6
34.6
34.6
34.6
34.9
34.9
34.9
34.9
34.9
35.2
35.2
35.2
35.2
35.2
35.1
35.1
35.1
35.1
35.1
35.3
35.3
35.3
35.3
35.3
35.3
35.3
35.3
35.3
35.3
37.3
37.3
37.3
37.3
37.3
37.3
37.3
37.3
37.3
37.3
37.2
37.2
37.2
37.2
37.2
37.3
37.3
37.3
37.3
37.3
37.3
37.3
37.3
37.3
37.3
37.3
37.2
37.2
37.2
37.2
37.0
37.0
37.0
37.0
37.0
36.9
36.9
36.9
36.9
36.9
36.8
36.8
36.8
36.8
36.7

36.7
36.7
36.6
36.6
36.6
